INFO:root:fold: 1 
 mean [194.1748427751521, 157.1603534588127, 201.44136879660883], std [29.082821549860626, 46.96250879828963, 33.53254758311399]
INFO:root:fold: 3 
 mean [195.592870962699, 161.27906178601324, 200.19391221714935], std [28.974300516803012, 44.59702874095018, 32.9885447974949]
INFO:root:fold: 4 
 mean [194.83672886348535, 159.3425867743762, 200.7721953509688], std [29.192855233194024, 46.12730986196496, 32.953316283050974]
INFO:root:fold: 5 
 mean [194.0943139713718, 155.62175273931453, 201.04401452094336], std [30.384005577002885, 48.353752647384816, 33.95992126670135]
INFO:root:fold: 3 
 mean [195.592870962699, 161.27906178601324, 200.19391221714935], std [28.974300516803012, 44.59702874095018, 32.9885447974949]
INFO:root:fold: 4 
 mean [194.83672886348535, 159.3425867743762, 200.7721953509688], std [29.192855233194024, 46.12730986196496, 32.953316283050974]
INFO:root:fold: 5 
 mean [194.0943139713718, 155.62175273931453, 201.04401452094336], std [30.384005577002885, 48.353752647384816, 33.95992126670135]
INFO:root:fold: 2 
 mean [195.24221022473668, 159.5765401948004, 200.27796285887806], std [29.177707435565736, 45.8507246898286, 33.087045167579234]
